map_config:
  # latitude: 37.380811523812845
  # longitude: -121.90840595108715
  latitude: 30.325967149999
  longitude: -81.6635531
  elevation: 0.0
  roll: 0.0
  pitch: 0.0
  yaw: 0.0
